 1979  1 216.8371 
 1979  2 271.2041 
 1979  3 280.1636 
 1979  4 204.7423 
 1979  5 169.2831 
 1979  6 139.7695 
 1979  7 101.0904 
 1979  8 87.49819 
 1979  9 108.2425 
 1979 10 164.0495 
 1979 11 225.9754 
 1979 12 193.5578 
 1980  1 231.7181 
 1980  2 220.7383 
 1980  3 215.0826 
 1980  4 227.7965 
 1980  5 160.9886 
 1980  6  131.918 
 1980  7 100.2601 
 1980  8  123.197 
 1980  9 141.3711 
 1980 10 164.3887 
 1980 11 206.1877 
 1980 12 234.9312 
 1981  1 241.8873 
 1981  2  207.485 
 1981  3 187.7274 
 1981  4 240.1125 
 1981  5 167.9775 
 1981  6 121.4631 
 1981  7 90.88145 
 1981  8 107.2427 
 1981  9 131.7452 
 1981 10 181.7185 
 1981 11 210.6253 
 1981 12 171.7169 
 1982  1 217.2821 
 1982  2 245.0991 
 1982  3  224.128 
 1982  4 183.2022 
 1982  5 170.2658 
 1982  6 148.8201 
 1982  7 140.4927 
 1982  8 75.45014 
 1982  9  143.709 
 1982 10 129.5473 
 1982 11 232.2121 
 1982 12 210.1479 
 1983  1 230.2925 
 1983  2 222.4203 
 1983  3 203.1117 
 1983  4 219.5539 
 1983  5  170.048 
 1983  6 105.2699 
 1983  7 96.83004 
 1983  8 106.4144 
 1983  9 103.1045 
 1983 10 155.6784 
 1983 11 162.3488 
 1983 12 231.8652 
 1984  1 274.7098 
 1984  2 249.2689 
 1984  3 230.0582 
 1984  4 245.3821 
 1984  5 153.4781 
 1984  6 105.3838 
 1984  7  73.1456 
 1984  8 79.18881 
 1984  9 105.8758 
 1984 10 148.2954 
 1984 11 164.2817 
 1984 12 224.4892 
 1985  1 278.3643 
 1985  2  261.424 
 1985  3 277.2082 
 1985  4 208.9752 
 1985  5 164.5115 
 1985  6 123.1236 
 1985  7 99.04229 
 1985  8  85.7617 
 1985  9 162.7533 
 1985 10 176.4513 
 1985 11 210.2212 
 1985 12 241.2084 
 1986  1 275.8417 
 1986  2 238.9388 
 1986  3 250.6434 
 1986  4 218.4938 
 1986  5  183.511 
 1986  6 140.4642 
 1986  7 86.47945 
 1986  8 104.8751 
 1986  9 123.4007 
 1986 10 153.3725 
 1986 11  173.459 
 1986 12 190.6818 
 1987  1 173.3441 
 1987  2 210.6682 
 1987  3 176.2693 
 1987  4 199.8475 
 1987  5  188.909 
 1987  6 128.0678 
 1987  7 148.6907 
 1987  8  117.988 
 1987  9 136.8306 
 1987 10 160.6954 
 1987 11 203.9189 
 1987 12 206.0065 
 1988  1 174.1338 
 1988  2 200.8629 
 1988  3 229.2027 
 1988  4 219.9387 
 1988  5 153.2024 
 1988  6  105.611 
 1988  7  87.1141 
 1988  8 93.81545 
 1988  9 93.14811 
 1988 10 138.4692 
 1988 11 161.9611 
 1988 12 227.4647 
 1989  1 216.0337 
 1989  2 252.1694 
 1989  3 222.2473 
 1989  4 229.9584 
 1989  5 198.0748 
 1989  6 140.2287 
 1989  7  114.579 
 1989  8 106.3688 
 1989  9 133.8631 
 1989 10 165.0972 
 1989 11 186.5086 
 1989 12 204.0381 
 1990  1  285.776 
 1990  2 258.8236 
 1990  3 252.2351 
 1990  4 219.1506 
 1990  5 188.4024 
 1990  6 134.9026 
 1990  7 78.59089 
 1990  8 97.67405 
 1990  9 125.6277 
 1990 10 138.1178 
 1990 11 200.8966 
 1990 12 216.4829 
 1991  1 219.5036 
 1991  2 254.9601 
 1991  3  268.813 
 1991  4  204.896 
 1991  5 161.5777 
 1991  6 132.4687 
 1991  7  89.9643 
 1991  8 71.94153 
 1991  9 109.6004 
 1991 10 153.1262 
 1991 11 190.8014 
 1991 12 232.7598 
 1992  1 236.5521 
 1992  2 213.3724 
 1992  3 239.7614 
 1992  4 251.6558 
 1992  5 184.6953 
 1992  6 100.4451 
 1992  7  76.9543 
 1992  8 79.89511 
 1992  9 101.2088 
 1992 10 155.4588 
 1992 11 189.4154 
 1992 12 229.6385 
 1993  1 231.0219 
 1993  2 184.5882 
 1993  3 202.2189 
 1993  4 228.8253 
 1993  5 161.8167 
 1993  6 110.7847 
 1993  7 112.5006 
 1993  8 93.01875 
 1993  9 123.1303 
 1993 10 142.3271 
 1993 11  162.337 
 1993 12 248.5431 
 1994  1  241.567 
 1994  2 191.2389 
 1994  3 202.5174 
 1994  4 192.5981 
 1994  5 147.8751 
 1994  6 122.8075 
 1994  7 97.16211 
 1994  8 79.26104 
 1994  9 116.3691 
 1994 10 115.9723 
 1994 11 133.2396 
 1994 12 204.9222 
 1995  1  193.538 
 1995  2 201.2072 
 1995  3 217.2717 
 1995  4 214.1175 
 1995  5  179.394 
 1995  6 137.8717 
 1995  7 108.1104 
 1995  8 99.24709 
 1995  9 125.3149 
 1995 10 141.2675 
 1995 11 190.5935 
 1995 12 200.2806 
 1996  1 227.5359 
 1996  2 212.6606 
 1996  3 232.4759 
 1996  4  226.509 
 1996  5 185.1001 
 1996  6 129.9199 
 1996  7 74.06929 
 1996  8 102.2364 
 1996  9 147.5639 
 1996 10 142.0964 
 1996 11 188.7816 
 1996 12 265.4636 
 1997  1  250.035 
 1997  2  239.394 
 1997  3 220.8072 
 1997  4 207.4732 
 1997  5  187.045 
 1997  6  142.322 
 1997  7  116.656 
 1997  8 91.75629 
 1997  9 117.3451 
 1997 10 135.8825 
 1997 11 163.3844 
 1997 12 215.1741 
 1998  1 244.7853 
 1998  2 219.6989 
 1998  3 206.3723 
 1998  4 209.2181 
 1998  5 184.8738 
 1998  6 140.6017 
 1998  7 119.1422 
 1998  8 121.0882 
 1998  9 114.0525 
 1998 10 166.5617 
 1998 11 183.8773 
 1998 12 272.2974 
 1999  1 234.8427 
 1999  2 242.2544 
 1999  3  202.271 
 1999  4 193.0054 
 1999  5 143.6643 
 1999  6 101.8886 
 1999  7 95.83821 
 1999  8 92.89803 
 1999  9 127.8348 
 1999 10 103.1663 
 1999 11 110.3172 
 1999 12 170.0095 
 2000  1 213.3988 
 2000  2 196.5444 
 2000  3 189.6891 
 2000  4 194.2656 
 2000  5 141.3145 
 2000  6 109.6201 
 2000  7 106.0986 
 2000  8 108.9025 
 2000  9 126.3283 
 2000 10 170.1079 
 2000 11 193.4436 
 2000 12 227.0049 
 2001  1 268.1454 
 2001  2 226.6714 
 2001  3 251.1209 
 2001  4 203.7354 
 2001  5 192.4267 
 2001  6 119.4865 
 2001  7  90.9786 
 2001  8 89.98904 
 2001  9 111.8841 
 2001 10 143.7717 
 2001 11 199.3991 
 2001 12 281.6695 
 2002  1 245.0129 
 2002  2 237.7948 
 2002  3  225.058 
 2002  4 217.9135 
 2002  5 173.4909 
 2002  6  170.022 
 2002  7 105.6564 
 2002  8 115.5744 
 2002  9 145.9016 
 2002 10 158.4185 
 2002 11 191.7718 
 2002 12  206.296 
 2003  1  259.872 
 2003  2 242.2635 
 2003  3 265.1542 
 2003  4 212.6877 
 2003  5 164.7514 
 2003  6 128.5971 
 2003  7 85.09922 
 2003  8  90.7773 
 2003  9 116.3698 
 2003 10 165.2605 
 2003 11 243.0847 
 2003 12 291.0114 
 2004  1  221.162 
 2004  2 178.5754 
 2004  3 170.0202 
 2004  4 210.1078 
 2004  5 141.2281 
 2004  6 129.9518 
 2004  7 86.30639 
 2004  8  100.692 
 2004  9 124.9253 
 2004 10 126.8839 
 2004 11 175.5607 
 2004 12 240.8737 
 2005  1 230.4885 
 2005  2 236.7319 
 2005  3  208.345 
 2005  4 213.4261 
 2005  5 184.2095 
 2005  6 122.5821 
 2005  7 111.0979 
 2005  8 98.43094 
 2005  9 94.42229 
 2005 10 164.0775 
 2005 11 226.9384 
 2005 12 229.4009 
