 1979  1 118.8889 
 1979  2 60.24194 
 1979  3 89.94777 
 1979  4 93.53115 
 1979  5 157.5924 
 1979  6 148.0914 
 1979  7 94.64494 
 1979  8 38.98945 
 1979  9 45.58183 
 1979 10 109.0396 
 1979 11 131.8272 
 1979 12 175.9377 
 1980  1 92.29181 
 1980  2 64.23285 
 1980  3  62.2601 
 1980  4 91.67347 
 1980  5 163.4344 
 1980  6 145.0639 
 1980  7 78.14627 
 1980  8 34.64319 
 1980  9 53.99433 
 1980 10  99.1695 
 1980 11 158.7757 
 1980 12 201.6878 
 1981  1 113.6402 
 1981  2 63.88653 
 1981  3  64.2759 
 1981  4 97.55701 
 1981  5 136.5875 
 1981  6 106.3851 
 1981  7  57.2151 
 1981  8 35.77372 
 1981  9 72.16889 
 1981 10 108.6922 
 1981 11 138.9152 
 1981 12 177.0808 
 1982  1 106.1648 
 1982  2 65.83245 
 1982  3  71.6323 
 1982  4 90.47338 
 1982  5 132.6457 
 1982  6 156.4734 
 1982  7  58.9468 
 1982  8 45.90996 
 1982  9 94.72841 
 1982 10 103.2963 
 1982 11 97.29025 
 1982 12 190.2362 
 1983  1 94.71531 
 1983  2 56.86058 
 1983  3 63.49116 
 1983  4 59.47888 
 1983  5 147.0841 
 1983  6 139.1861 
 1983  7  80.1314 
 1983  8 42.43489 
 1983  9 81.26415 
 1983 10 64.31908 
 1983 11 131.5636 
 1983 12 208.7862 
 1984  1 139.4577 
 1984  2 89.95681 
 1984  3  69.3471 
 1984  4 118.2356 
 1984  5 151.9138 
 1984  6 140.7979 
 1984  7 70.12431 
 1984  8 52.08944 
 1984  9 71.47218 
 1984 10 109.2777 
 1984 11 155.8557 
 1984 12 203.2288 
 1985  1 103.7953 
 1985  2 118.9239 
 1985  3 61.34609 
 1985  4 85.44799 
 1985  5 142.9389 
 1985  6 144.0629 
 1985  7 68.27616 
 1985  8 45.41551 
 1985  9 104.3461 
 1985 10 115.8713 
 1985 11 187.5969 
 1985 12  187.826 
 1986  1 112.3645 
 1986  2 63.77064 
 1986  3  64.8504 
 1986  4 126.3468 
 1986  5 180.6645 
 1986  6 156.6149 
 1986  7 81.20162 
 1986  8 63.45463 
 1986  9 89.57627 
 1986 10 119.1346 
 1986 11      130 
 1986 12 179.3398 
 1987  1 85.55189 
 1987  2 60.04604 
 1987  3 71.68267 
 1987  4 122.7027 
 1987  5  155.777 
 1987  6 128.6745 
 1987  7 59.59537 
 1987  8 25.41901 
 1987  9 49.01262 
 1987 10 96.83273 
 1987 11 152.2743 
 1987 12 191.4612 
 1988  1 91.36651 
 1988  2 94.45092 
 1988  3 61.87032 
 1988  4 115.3566 
 1988  5 162.3035 
 1988  6  133.832 
 1988  7 81.53914 
 1988  8 52.93435 
 1988  9  43.2499 
 1988 10 91.80849 
 1988 11 143.9497 
 1988 12 155.2951 
 1989  1 104.5402 
 1989  2 47.72585 
 1989  3 72.66697 
 1989  4 78.96887 
 1989  5 142.6249 
 1989  6 106.9405 
 1989  7 69.60089 
 1989  8 36.07202 
 1989  9 73.88232 
 1989 10 118.7283 
 1989 11 189.7273 
 1989 12  200.944 
 1990  1 100.3418 
 1990  2 57.86056 
 1990  3 56.49785 
 1990  4 115.0581 
 1990  5 143.0347 
 1990  6 141.6294 
 1990  7 64.72673 
 1990  8 34.63137 
 1990  9 47.49807 
 1990 10 91.67391 
 1990 11 111.7619 
 1990 12 165.1945 
 1991  1 168.4212 
 1991  2 77.58851 
 1991  3 95.00965 
 1991  4 98.02983 
 1991  5 144.5918 
 1991  6 159.6844 
 1991  7 43.82846 
 1991  8 38.46611 
 1991  9  40.7437 
 1991 10 111.8397 
 1991 11 110.8064 
 1991 12 124.9454 
 1992  1 103.3906 
 1992  2 52.59417 
 1992  3 61.44448 
 1992  4 125.7019 
 1992  5 151.5562 
 1992  6 124.4293 
 1992  7 50.18392 
 1992  8 39.86335 
 1992  9 82.72052 
 1992 10  76.7023 
 1992 11 143.6453 
 1992 12 163.7696 
 1993  1 102.0387 
 1993  2 58.91669 
 1993  3 79.17828 
 1993  4 110.5018 
 1993  5 148.5789 
 1993  6 132.8771 
 1993  7 71.15694 
 1993  8 36.07522 
 1993  9 74.98422 
 1993 10  89.5133 
 1993 11 117.8917 
 1993 12 146.1065 
 1994  1 88.89455 
 1994  2 74.58864 
 1994  3 59.69912 
 1994  4 84.35525 
 1994  5  140.792 
 1994  6 128.1351 
 1994  7 70.04941 
 1994  8 56.24554 
 1994  9 85.13245 
 1994 10 120.7199 
 1994 11 144.1273 
 1994 12 166.2937 
 1995  1  103.566 
 1995  2 108.8414 
 1995  3 96.07846 
 1995  4 132.2161 
 1995  5 167.0088 
 1995  6 115.3691 
 1995  7 62.65932 
 1995  8 30.26343 
 1995  9  59.7866 
 1995 10 82.15296 
 1995 11 133.7401 
 1995 12 178.6485 
 1996  1 154.1148 
 1996  2 72.64764 
 1996  3 107.8481 
 1996  4 115.7006 
 1996  5 148.5129 
 1996  6 144.0612 
 1996  7   64.356 
 1996  8  59.9668 
 1996  9 70.93433 
 1996 10 83.52272 
 1996 11 134.9955 
 1996 12 176.6366 
 1997  1 76.71201 
 1997  2  102.554 
 1997  3 62.98098 
 1997  4 59.86987 
 1997  5 157.3612 
 1997  6 139.7709 
 1997  7 68.21611 
 1997  8 33.00575 
 1997  9 47.11537 
 1997 10  105.534 
 1997 11 154.8982 
 1997 12 206.3727 
 1998  1 136.6166 
 1998  2 87.51929 
 1998  3 145.9932 
 1998  4 128.1718 
 1998  5   155.11 
 1998  6 141.4936 
 1998  7 73.04973 
 1998  8 49.51718 
 1998  9 78.74556 
 1998 10 143.8632 
 1998 11 152.3454 
 1998 12 176.2945 
 1999  1 135.9967 
 1999  2 49.55328 
 1999  3 70.29205 
 1999  4 128.9427 
 1999  5 160.6038 
 1999  6 109.4143 
 1999  7 59.67248 
 1999  8 34.32019 
 1999  9 56.90546 
 1999 10 92.95694 
 1999 11 90.86182 
 1999 12 141.1609 
 2000  1 78.85743 
 2000  2 41.66758 
 2000  3 81.07811 
 2000  4 111.9432 
 2000  5 164.2807 
 2000  6 125.1893 
 2000  7 56.72515 
 2000  8 38.59661 
 2000  9 51.25337 
 2000 10 99.31324 
 2000 11 121.5211 
 2000 12 167.2586 
 2001  1 102.6366 
 2001  2 47.89691 
 2001  3 51.30232 
 2001  4 103.8749 
 2001  5 125.9683 
 2001  6 116.2136 
 2001  7 74.44246 
 2001  8 54.57495 
 2001  9 57.50247 
 2001 10 113.9763 
 2001 11 137.3262 
 2001 12 175.7149 
 2002  1 102.5527 
 2002  2   56.352 
 2002  3   86.798 
 2002  4 93.85971 
 2002  5 138.2196 
 2002  6 157.6426 
 2002  7 89.14082 
 2002  8 44.76557 
 2002  9 70.54885 
 2002 10 99.31913 
 2002 11 132.1899 
 2002 12 159.8611 
 2003  1 110.3825 
 2003  2 95.67348 
 2003  3  61.2771 
 2003  4  99.8511 
 2003  5 164.1913 
 2003  6 136.1183 
 2003  7 81.90361 
 2003  8  37.8511 
 2003  9 84.42114 
 2003 10 110.8706 
 2003 11 147.4991 
 2003 12 193.6938 
 2004  1 156.1115 
 2004  2 90.28472 
 2004  3 84.27877 
 2004  4 134.1689 
 2004  5 154.7767 
 2004  6 133.8105 
 2004  7 68.90673 
 2004  8 42.80703 
 2004  9 71.67681 
 2004 10 97.24106 
 2004 11  143.782 
 2004 12 132.1907 
 2005  1 98.55284 
 2005  2  71.0741 
 2005  3 77.65381 
 2005  4 89.50879 
 2005  5 140.5236 
 2005  6 116.0303 
 2005  7 48.55441 
 2005  8 38.69025 
 2005  9 57.87552 
 2005 10 96.11542 
 2005 11 107.2017 
 2005 12 171.7069 
