 1979  1 172.7269 
 1979  2 170.8973 
 1979  3 129.8099 
 1979  4 145.8286 
 1979  5 87.35038 
 1979  6 70.65921 
 1979  7  24.1948 
 1979  8 58.33176 
 1979  9 163.8086 
 1979 10   162.59 
 1979 11 185.5252 
 1979 12 117.5295 
 1980  1 100.5968 
 1980  2  144.697 
 1980  3 233.9167 
 1980  4 187.0188 
 1980  5 65.91374 
 1980  6 56.61761 
 1980  7 33.59595 
 1980  8 66.55562 
 1980  9 86.23906 
 1980 10 180.3758 
 1980 11 194.1158 
 1980 12 119.5002 
 1981  1 122.2903 
 1981  2 161.0085 
 1981  3 185.8654 
 1981  4 173.3059 
 1981  5 100.4596 
 1981  6 65.36819 
 1981  7 54.70561 
 1981  8 63.79775 
 1981  9 94.65017 
 1981 10 125.2769 
 1981 11 153.2135 
 1981 12 190.8262 
 1982  1 168.5438 
 1982  2 199.5276 
 1982  3 185.9121 
 1982  4 130.5654 
 1982  5  40.2972 
 1982  6 45.88066 
 1982  7 38.19112 
 1982  8 38.64218 
 1982  9 41.50181 
 1982 10 127.0458 
 1982 11 130.6246 
 1982 12 151.2084 
 1983  1 83.49281 
 1983  2 185.9649 
 1983  3   173.01 
 1983  4 117.9804 
 1983  5 150.0243 
 1983  6 97.53748 
 1983  7  75.6978 
 1983  8 43.67528 
 1983  9 77.70998 
 1983 10 93.91852 
 1983 11   154.39 
 1983 12 106.0328 
 1984  1 128.2984 
 1984  2  172.378 
 1984  3 170.8067 
 1984  4 143.2876 
 1984  5 71.66019 
 1984  6 65.83389 
 1984  7 73.58819 
 1984  8 43.38868 
 1984  9 56.79801 
 1984 10 146.8534 
 1984 11 193.6251 
 1984 12 120.3433 
 1985  1 89.85995 
 1985  2 115.9411 
 1985  3 178.0871 
 1985  4 164.0899 
 1985  5 67.77564 
 1985  6 66.53092 
 1985  7 44.74135 
 1985  8 79.80006 
 1985  9 123.4557 
 1985 10 88.00956 
 1985 11 119.2271 
 1985 12 173.6523 
 1986  1 97.95587 
 1986  2 137.4539 
 1986  3 100.4899 
 1986  4 180.0272 
 1986  5 57.10146 
 1986  6 75.14002 
 1986  7  49.2078 
 1986  8  41.0023 
 1986  9 54.22395 
 1986 10 114.9759 
 1986 11 156.9915 
 1986 12 156.0387 
 1987  1 121.5739 
 1987  2 233.4182 
 1987  3 145.4326 
 1987  4 131.3558 
 1987  5 95.48451 
 1987  6 67.01411 
 1987  7 45.28213 
 1987  8 51.16277 
 1987  9 61.27505 
 1987 10 141.6398 
 1987 11 154.1099 
 1987 12 133.5363 
 1988  1 171.4814 
 1988  2 123.5817 
 1988  3 149.3267 
 1988  4 125.3237 
 1988  5  93.1155 
 1988  6  97.1321 
 1988  7 29.95784 
 1988  8 68.35327 
 1988  9 41.81451 
 1988 10  85.7398 
 1988 11 120.2382 
 1988 12 128.7249 
 1989  1 132.2012 
 1989  2 133.9872 
 1989  3 77.71712 
 1989  4 148.0716 
 1989  5 106.6824 
 1989  6 77.78301 
 1989  7 24.35473 
 1989  8  43.7492 
 1989  9  100.884 
 1989 10 104.8489 
 1989 11 172.1257 
 1989 12 238.4342 
 1990  1 66.34305 
 1990  2 63.59511 
 1990  3  110.057 
 1990  4  178.891 
 1990  5 87.58167 
 1990  6  48.6142 
 1990  7  49.7922 
 1990  8 43.27884 
 1990  9 79.12424 
 1990 10 165.8068 
 1990 11 149.9496 
 1990 12 213.3543 
 1991  1 169.3508 
 1991  2 149.6789 
 1991  3 135.6558 
 1991  4 144.1579 
 1991  5 79.24062 
 1991  6 91.12903 
 1991  7 43.72466 
 1991  8 48.06836 
 1991  9 69.43092 
 1991 10  119.917 
 1991 11 113.0242 
 1991 12 142.8912 
 1992  1 106.3788 
 1992  2 138.4893 
 1992  3 167.2605 
 1992  4 167.2071 
 1992  5 63.09445 
 1992  6 62.09526 
 1992  7 41.94083 
 1992  8 47.78094 
 1992  9 44.84499 
 1992 10 147.7637 
 1992 11  134.838 
 1992 12 225.2019 
 1993  1 196.7912 
 1993  2 119.0544 
 1993  3 144.8364 
 1993  4 159.7061 
 1993  5 58.38186 
 1993  6 53.05777 
 1993  7 22.29816 
 1993  8   73.219 
 1993  9 40.69579 
 1993 10 91.61178 
 1993 11 212.5919 
 1993 12 206.6546 
 1994  1 123.0145 
 1994  2 141.4986 
 1994  3 156.3337 
 1994  4 149.7536 
 1994  5 70.99359 
 1994  6 84.90877 
 1994  7  54.9924 
 1994  8 48.54597 
 1994  9 53.98788 
 1994 10 121.6613 
 1994 11 160.8479 
 1994 12 106.0277 
 1995  1 137.8047 
 1995  2 153.1151 
 1995  3 105.2938 
 1995  4  130.583 
 1995  5 65.62327 
 1995  6 61.79519 
 1995  7 90.38439 
 1995  8 18.40221 
 1995  9 90.96067 
 1995 10 126.7186 
 1995 11 141.6558 
 1995 12 165.8263 
 1996  1  182.239 
 1996  2 157.3667 
 1996  3 128.5093 
 1996  4 189.7041 
 1996  5 65.70296 
 1996  6 43.68626 
 1996  7 42.59784 
 1996  8 27.71155 
 1996  9 66.11639 
 1996 10 112.7289 
 1996 11  125.015 
 1996 12 215.7897 
 1997  1 115.8095 
 1997  2 114.4613 
 1997  3 150.5552 
 1997  4  110.891 
 1997  5  64.3938 
 1997  6 63.70474 
 1997  7 61.35574 
 1997  8  61.6175 
 1997  9 116.6174 
 1997 10 117.3699 
 1997 11 131.8542 
 1997 12 156.2725 
 1998  1 161.1669 
 1998  2 129.6626 
 1998  3 162.4824 
 1998  4 132.4058 
 1998  5  59.4335 
 1998  6 106.7049 
 1998  7 38.80175 
 1998  8  36.5538 
 1998  9 127.1583 
 1998 10 167.0289 
 1998 11 138.5383 
 1998 12 143.1638 
 1999  1 132.0238 
 1999  2 104.3375 
 1999  3 174.8675 
 1999  4 138.6535 
 1999  5 41.34462 
 1999  6 83.59746 
 1999  7 51.12671 
 1999  8 71.84796 
 1999  9 69.55665 
 1999 10 118.9605 
 1999 11 171.7208 
 1999 12 71.03074 
 2000  1 149.8147 
 2000  2  100.499 
 2000  3 138.4893 
 2000  4 166.3703 
 2000  5 71.87714 
 2000  6 67.87276 
 2000  7 21.09397 
 2000  8 51.01317 
 2000  9 88.19957 
 2000 10   158.24 
 2000 11 177.3369 
 2000 12 206.1667 
 2001  1 137.6762 
 2001  2 140.7574 
 2001  3  138.753 
 2001  4 134.4964 
 2001  5 102.0138 
 2001  6 40.99758 
 2001  7 43.19507 
 2001  8 32.99187 
 2001  9 32.83542 
 2001 10 113.2521 
 2001 11 238.8204 
 2001 12 76.80381 
 2002  1 106.1529 
 2002  2 127.4597 
 2002  3 139.4922 
 2002  4 148.2792 
 2002  5 120.9688 
 2002  6 50.99824 
 2002  7 22.84711 
 2002  8 63.86105 
 2002  9 92.13868 
 2002 10 124.4113 
 2002 11 203.5303 
 2002 12 133.0171 
 2003  1 188.4832 
 2003  2 165.4897 
 2003  3 214.6974 
 2003  4 161.1764 
 2003  5 86.31213 
 2003  6 59.00086 
 2003  7 57.02821 
 2003  8 79.25719 
 2003  9 97.26019 
 2003 10 137.0378 
 2003 11 132.5786 
 2003 12 95.50556 
 2004  1 111.8577 
 2004  2 107.1445 
 2004  3 178.7028 
 2004  4 184.5425 
 2004  5 95.08624 
 2004  6 53.74183 
 2004  7 57.15405 
 2004  8 61.92276 
 2004  9 119.6196 
 2004 10 165.3704 
 2004 11 131.7131 
 2004 12 166.7731 
 2005  1 116.3788 
 2005  2 101.2534 
 2005  3 131.1875 
 2005  4 158.3836 
 2005  5 110.4134 
 2005  6 72.97779 
 2005  7 46.40838 
 2005  8 72.62799 
 2005  9 96.83924 
 2005 10 183.4364 
 2005 11 102.1986 
 2005 12 173.0059 
