 1979  1 258.0642 
 1979  2 306.5596 
 1979  3 322.3806 
 1979  4 254.3054 
 1979  5 187.2888 
 1979  6 105.9335 
 1979  7 66.47108 
 1979  8 104.3529 
 1979  9 108.1939 
 1979 10 150.0326 
 1979 11 189.9493 
 1979 12 215.2289 
 1980  1 286.8528 
 1980  2 300.7841 
 1980  3 282.2273 
 1980  4  224.217 
 1980  5  163.003 
 1980  6 117.4006 
 1980  7 84.95347 
 1980  8 78.50732 
 1980  9 104.3054 
 1980 10 154.7015 
 1980 11 202.3797 
 1980 12 212.5469 
 1981  1 285.8224 
 1981  2 287.8955 
 1981  3 246.4435 
 1981  4   215.11 
 1981  5 168.2963 
 1981  6 111.9412 
 1981  7 84.42691 
 1981  8 88.23514 
 1981  9 95.31121 
 1981 10 142.8701 
 1981 11 206.5192 
 1981 12 232.3984 
 1982  1 336.0684 
 1982  2 330.8365 
 1982  3 313.3914 
 1982  4 314.0373 
 1982  5 197.0706 
 1982  6 93.93117 
 1982  7 88.95024 
 1982  8 77.76416 
 1982  9 127.4787 
 1982 10 112.0899 
 1982 11 151.8254 
 1982 12 222.2529 
 1983  1 178.4625 
 1983  2 240.6907 
 1983  3 275.8959 
 1983  4 234.9001 
 1983  5 126.7363 
 1983  6 82.49014 
 1983  7 53.92816 
 1983  8  83.7798 
 1983  9 79.84053 
 1983 10 158.1367 
 1983 11 156.3877 
 1983 12 237.8479 
 1984  1  262.495 
 1984  2 311.1647 
 1984  3 289.5316 
 1984  4 312.8435 
 1984  5 219.8349 
 1984  6 123.8506 
 1984  7 99.93347 
 1984  8 92.65515 
 1984  9 143.3243 
 1984 10 179.9166 
 1984 11 168.3112 
 1984 12 231.6386 
 1985  1 317.8032 
 1985  2 292.3686 
 1985  3 287.4346 
 1985  4 256.9453 
 1985  5 233.1692 
 1985  6 133.7559 
 1985  7 107.9998 
 1985  8 97.80377 
 1985  9 110.7062 
 1985 10 165.2906 
 1985 11 201.1408 
 1985 12 294.4706 
 1986  1 273.9976 
 1986  2 296.6947 
 1986  3 314.7775 
 1986  4  258.204 
 1986  5 198.6358 
 1986  6 149.0618 
 1986  7 115.1355 
 1986  8 74.09671 
 1986  9 128.4191 
 1986 10 182.3145 
 1986 11  201.629 
 1986 12 212.1325 
 1987  1 251.3619 
 1987  2 261.0654 
 1987  3 269.5488 
 1987  4 279.6139 
 1987  5 155.8811 
 1987  6 126.5865 
 1987  7 78.76862 
 1987  8 75.33714 
 1987  9 97.88341 
 1987 10 123.5189 
 1987 11 175.4005 
 1987 12 215.4176 
 1988  1 287.2987 
 1988  2 338.6364 
 1988  3 277.3879 
 1988  4 289.7977 
 1988  5 234.9487 
 1988  6  151.887 
 1988  7  103.204 
 1988  8 67.41935 
 1988  9 92.80724 
 1988 10  147.803 
 1988 11 218.4967 
 1988 12 271.9874 
 1989  1 293.5797 
 1989  2 313.4428 
 1989  3 324.1148 
 1989  4 296.7898 
 1989  5 242.5178 
 1989  6 172.4158 
 1989  7 108.9339 
 1989  8 95.27959 
 1989  9 93.10455 
 1989 10 174.6604 
 1989 11 179.0902 
 1989 12 261.7262 
 1990  1 270.4397 
 1990  2 318.5119 
 1990  3 270.6883 
 1990  4 246.5434 
 1990  5 183.6289 
 1990  6 125.6021 
 1990  7 112.7508 
 1990  8 85.30737 
 1990  9 107.2722 
 1990 10 133.3251 
 1990 11 171.1837 
 1990 12 230.8655 
 1991  1 298.8533 
 1991  2 276.8742 
 1991  3  308.562 
 1991  4 254.3854 
 1991  5 215.3061 
 1991  6 140.4735 
 1991  7 95.95056 
 1991  8 70.30591 
 1991  9 99.57206 
 1991 10 119.5858 
 1991 11 144.8665 
 1991 12 169.5643 
 1992  1 215.1442 
 1992  2 290.3329 
 1992  3 295.6406 
 1992  4 218.8019 
 1992  5 112.0902 
 1992  6  87.2402 
 1992  7 84.49713 
 1992  8 91.97367 
 1992  9 115.2955 
 1992 10 115.0681 
 1992 11 175.4229 
 1992 12 235.8377 
 1993  1 250.1445 
 1993  2 328.5931 
 1993  3 294.9863 
 1993  4 259.5224 
 1993  5 167.8268 
 1993  6  112.274 
 1993  7   83.071 
 1993  8 92.31783 
 1993  9  110.589 
 1993 10 167.4335 
 1993 11 212.9369 
 1993 12 242.2891 
 1994  1 296.6945 
 1994  2 323.0747 
 1994  3 309.2903 
 1994  4 267.8296 
 1994  5 216.5914 
 1994  6 163.2547 
 1994  7 87.46815 
 1994  8  90.4677 
 1994  9 116.3665 
 1994 10 143.4474 
 1994 11 172.6318 
 1994 12  222.093 
 1995  1 237.5791 
 1995  2 272.5559 
 1995  3 270.8774 
 1995  4 284.1271 
 1995  5 248.8321 
 1995  6 132.0272 
 1995  7 84.15706 
 1995  8 46.18039 
 1995  9 85.39944 
 1995 10 117.0364 
 1995 11 207.5215 
 1995 12 232.5214 
 1996  1 284.2593 
 1996  2 284.7347 
 1996  3 322.8542 
 1996  4 269.0881 
 1996  5 207.3351 
 1996  6 130.8473 
 1996  7 90.26281 
 1996  8 98.42568 
 1996  9 97.38829 
 1996 10 142.7081 
 1996 11 202.2491 
 1996 12 184.4342 
 1997  1 298.6102 
 1997  2 294.2291 
 1997  3 336.4506 
 1997  4  242.616 
 1997  5 179.1944 
 1997  6 76.68708 
 1997  7 60.06316 
 1997  8  73.1522 
 1997  9 76.14702 
 1997 10 97.36182 
 1997 11 155.8568 
 1997 12 182.5257 
 1998  1 224.3778 
 1998  2  236.978 
 1998  3 262.6095 
 1998  4 235.0077 
 1998  5 176.6848 
 1998  6 123.6663 
 1998  7 93.12485 
 1998  8 67.92665 
 1998  9 94.86415 
 1998 10 150.2382 
 1998 11   203.52 
 1998 12 200.0649 
 1999  1 294.9044 
 1999  2 299.7155 
 1999  3 279.1962 
 1999  4 276.5491 
 1999  5 233.2788 
 1999  6 128.9951 
 1999  7 85.15302 
 1999  8 79.21263 
 1999  9 135.8466 
 1999 10 126.1262 
 1999 11 174.7493 
 1999 12 235.4041 
 2000  1 304.5353 
 2000  2 307.5285 
 2000  3 329.6593 
 2000  4 308.2651 
 2000  5 223.9713 
 2000  6 121.3568 
 2000  7 122.7001 
 2000  8 84.93168 
 2000  9 135.3187 
 2000 10 139.4739 
 2000 11 175.8749 
 2000 12 207.1098 
 2001  1 346.6152 
 2001  2 269.3106 
 2001  3 268.3814 
 2001  4 247.2298 
 2001  5 187.3172 
 2001  6 153.6514 
 2001  7 95.80074 
 2001  8  53.6723 
 2001  9 97.45835 
 2001 10 130.7632 
 2001 11 153.7491 
 2001 12 246.1466 
 2002  1 260.0793 
 2002  2 304.7559 
 2002  3 263.9503 
 2002  4 283.5121 
 2002  5 212.1211 
 2002  6 136.1711 
 2002  7 79.23691 
 2002  8 75.65163 
 2002  9  84.5604 
 2002 10   126.64 
 2002 11 147.0769 
 2002 12  240.359 
 2003  1  205.353 
 2003  2 300.5525 
 2003  3 316.8633 
 2003  4 260.0955 
 2003  5 210.8852 
 2003  6  141.239 
 2003  7 82.54871 
 2003  8 90.09523 
 2003  9 101.5874 
 2003 10 133.7719 
 2003 11 153.5501 
 2003 12  161.247 
 2004  1 269.6197 
 2004  2 329.2063 
 2004  3 331.8955 
 2004  4 231.1506 
 2004  5 174.7529 
 2004  6 112.9309 
 2004  7 97.19053 
 2004  8 93.82654 
 2004  9 95.03008 
 2004 10 142.4487 
 2004 11 156.0681 
 2004 12  189.586 
 2005  1 220.3517 
 2005  2 311.4136 
 2005  3 346.0856 
 2005  4 262.9318 
 2005  5 193.5714 
 2005  6 81.80963 
 2005  7 75.79743 
 2005  8 63.40039 
 2005  9 78.77383 
 2005 10 141.2855 
 2005 11 159.1989 
 2005 12 320.5847 
